19.020373 1.524508 
20.021445 1.524508 
21.022517 1.524508 
22.023590 1.524508 
34.036457 1.524508 
43.046107 1.524508 
54.057902 1.524508 
60.064336 1.524508 
68.072914 1.524508 
73.078275 1.524508 
80.085781 1.524508 
83.088998 1.524508 
90.096504 1.524508 
93.099720 1.524508 
100.107226 1.524508 
103.110443 1.524508 
109.116877 1.524508 
112.120093 1.524508 
118.126527 1.524508 
121.129744 1.524508 
125.134033 1.524508 
128.137250 1.524508 
132.141539 1.524508 
134.143683 1.524508 
137.146900 1.524508 
140.150117 1.524508 
143.153333 1.524508 
146.156550 1.524508 
189.202657 1.524508 
